0	■	■	1	1	1	1	1	1	■	2	2	2	2	2	2	2	2	2	2	2	2	■	3	■	4	4	4	4	■	5	■	■	6	6	6	6	6	6	■	7	7	7	7	7	7	7	7	7	■	8	8	■	9	9	9	9	■	■	■	■	10	10	10	10	10	10	10	10	10	10	10	■	11	11	11	■	12	■	12	■	14	14	14	14	■	15	15	15	■	16	16	16	16	16	16	16	16	16	9
1	■	1	1	1	1	1	1	1	1	■	■	2	2	2	2	2	2	2	2	2	■	3	3	3	■	4	4	■	5	5	5	■	■	6	6	6	6	■	7	7	7	7	7	7	7	7	■	■	■	8	■	18	■	■	■	■	19	19	■	10	10	10	10	10	10	10	10	10	10	10	10	10	■	■	■	12	12	■	12	12	■	14	14	■	15	15	15	15	15	■	16	16	16	16	16	16	16	16	16
1	1	1	1	1	1	1	1	1	■	20	20	■	■	2	■	2	2	2	2	2	■	■	3	3	3	■	■	5	5	5	5	■	6	6	6	6	6	6	■	7	7	7	7	7	■	■	■	■	8	8	8	8	■	19	19	19	19	19	19	■	10	10	10	10	10	10	10	10	10	10	10	10	10	10	■	12	12	12	12	12	12	■	■	15	15	15	15	15	15	■	16	■	16	16	16	16	16	16	16
1	1	1	1	1	1	1	1	1	1	■	■	23	23	■	23	■	2	2	■	■	3	3	3	3	3	3	■	5	5	5	5	5	■	6	6	6	6	■	■	■	7	7	7	7	7	7	■	■	8	8	8	■	19	19	19	19	19	19	19	19	■	10	10	10	10	10	10	10	10	10	10	10	10	■	12	12	12	12	12	12	■	25	25	■	15	15	15	15	15	■	■	22	16	16	16	16	16	16	16
1	1	1	1	1	1	1	1	1	1	1	■	23	23	23	23	23	■	■	3	3	■	3	3	3	3	3	3	■	5	5	5	5	5	■	■	6	■	27	■	7	7	7	7	■	28	■	29	■	8	■	30	■	■	19	19	19	19	19	19	19	19	■	■	10	10	10	10	10	10	10	■	10	■	12	12	12	12	12	12	■	25	25	25	■	15	15	15	15	15	■	22	22	16	16	16	16	16	16	16
1	1	1	1	1	1	1	1	1	1	■	■	23	■	23	23	23	■	3	3	3	3	3	3	3	3	3	■	33	■	5	5	5	5	5	5	■	27	27	27	■	7	■	■	■	■	29	29	29	■	29	■	29	29	■	19	19	19	19	19	19	19	19	■	10	10	10	■	10	10	■	■	■	12	12	12	12	12	12	12	12	■	25	25	■	■	■	15	15	■	37	■	22	16	16	16	16	■	16	16
1	1	1	1	1	1	1	1	1	■	39	39	■	40	■	23	■	■	3	3	3	3	3	3	3	3	3	3	3	3	■	■	■	5	5	5	5	■	27	27	27	■	■	41	41	■	29	29	29	29	29	29	29	■	19	19	19	19	19	19	19	19	19	19	■	10	■	36	10	10	■	12	12	12	12	12	12	12	12	■	■	25	25	25	25	■	■	15	■	37	37	37	■	■	16	16	■	38	16	16
0	1	1	1	1	■	1	1	■	39	39	■	40	40	40	■	3	3	3	3	3	3	3	3	3	3	3	3	■	■	43	43	43	■	5	5	5	5	■	27	■	41	41	41	41	41	■	29	29	29	29	29	■	19	19	19	19	19	19	19	19	19	19	19	■	■	■	■	10	■	44	■	■	12	■	12	12	12	12	45	45	■	25	■	■	46	46	■	37	37	37	37	37	■	16	■	47	■	16	■
48	■	1	■	■	49	■	1	■	39	■	40	40	40	40	■	■	3	3	3	3	3	3	3	3	3	3	3	■	43	43	43	43	43	■	5	5	■	27	27	■	41	41	41	41	■	50	■	■	29	29	■	51	■	■	■	19	19	19	19	19	■	19	■	■	53	■	■	10	■	44	44	44	■	45	12	12	12	12	45	■	54	■	55	■	46	46	■	■	■	37	37	37	■	■	47	47	47	■	■
48	48	■	49	49	49	■	■	■	■	■	40	40	40	40	40	40	■	3	■	3	3	3	3	3	■	3	■	43	43	43	43	43	43	43	■	■	27	27	27	■	41	41	41	41	41	41	41	41	■	■	51	51	51	■	19	19	19	19	19	■	53	■	53	53	53	53	■	■	44	44	44	44	44	■	12	12	12	12	■	54	54	■	55	55	■	■	37	37	37	37	37	■	59	■	47	47	47	47	47
48	■	49	49	49	49	49	49	■	40	40	40	40	40	40	40	■	60	■	56	3	3	■	3	3	■	■	43	43	43	43	43	43	43	43	43	■	27	27	■	41	41	41	41	41	41	41	41	41	■	■	■	51	■	■	■	19	■	19	■	53	53	53	53	53	■	■	■	44	44	44	44	44	44	44	■	12	12	■	■	■	■	55	55	55	■	37	37	37	37	37	■	■	59	59	■	■	47	47	47
0	49	49	49	49	49	49	49	49	■	40	40	40	40	40	■	60	60	60	■	3	■	■	3	■	43	43	43	43	43	43	43	43	43	■	■	■	27	27	27	■	41	41	41	41	41	41	41	■	63	■	■	■	■	■	■	■	■	■	53	53	53	53	53	■	64	■	■	■	44	■	44	44	44	■	■	12	■	66	■	66	■	55	55	55	■	■	■	37	■	■	68	■	59	59	59	59	■	47	■
49	■	■	49	49	49	49	49	■	■	■	40	40	40	40	40	■	60	60	■	■	70	70	■	■	43	43	43	43	43	43	43	43	43	43	■	71	■	27	■	41	41	41	41	41	41	41	41	41	41	41	■	■	■	72	■	■	72	■	53	53	53	53	■	64	64	64	■	■	■	64	■	44	■	66	66	■	66	66	66	66	66	■	55	■	76	76	76	■	76	■	59	59	59	59	59	59	59	■	■
49	49	49	49	49	49	49	■	■	78	78	■	40	■	40	■	60	60	■	70	70	70	70	70	70	■	43	■	43	43	43	43	43	■	■	■	71	71	■	■	■	41	■	41	41	■	82	82	82	82	■	■	■	72	72	72	■	72	72	■	■	53	■	64	64	64	64	■	■	74	64	64	■	■	66	66	66	66	66	66	66	■	■	■	76	76	76	76	76	76	76	■	59	59	59	59	59	59	59	■
49	49	49	49	49	49	49	49	■	78	78	78	■	78	■	78	■	60	■	■	70	70	70	70	70	70	■	■	43	43	43	43	■	71	71	71	71	71	71	71	■	■	■	■	■	85	■	82	82	82	■	■	72	72	72	72	72	72	■	86	■	■	■	64	64	64	64	64	64	■	64	64	64	64	■	66	66	66	66	66	66	66	■	■	■	76	76	76	76	76	■	59	59	59	59	59	59	59	59	59
0	■	49	■	49	49	49	87	87	■	78	78	78	78	78	78	78	■	88	■	70	70	70	70	70	70	70	70	■	■	43	■	71	71	71	71	71	71	71	71	71	■	■	85	85	85	85	■	■	■	72	72	72	72	72	72	72	72	72	72	72	■	64	64	64	64	64	64	64	64	64	64	64	64	64	■	66	66	66	66	66	■	■	■	■	76	76	76	76	76	■	59	59	59	59	59	59	59	59	59
89	89	■	■	49	49	49	87	■	78	78	78	78	78	78	78	78	■	88	88	■	70	70	70	70	70	70	70	70	70	■	■	71	71	71	71	71	71	71	71	■	85	85	85	85	85	■	■	■	72	72	72	72	72	72	72	72	72	72	72	■	90	■	64	64	64	64	64	64	64	64	64	64	64	64	64	■	66	66	66	66	66	■	91	■	■	76	76	76	76	■	59	59	59	59	59	59	59	59	59
0	89	89	■	49	49	49	87	87	■	78	78	78	78	78	78	■	88	88	■	92	■	70	70	70	70	70	70	■	■	■	71	71	71	71	71	71	71	71	71	■	■	85	85	85	85	85	■	■	72	72	72	72	72	72	72	72	72	72	72	72	72	72	■	64	64	64	64	64	64	64	64	64	64	64	■	66	66	66	66	66	■	91	91	91	■	76	■	76	■	59	59	59	59	59	59	59	59	59	59
94	■	89	89	■	49	■	95	■	■	■	■	78	78	■	■	88	88	88	88	88	88	■	70	70	70	70	■	96	96	96	■	71	71	71	71	71	71	71	■	85	85	85	85	85	85	■	72	72	72	72	72	72	72	72	72	72	72	72	72	72	■	■	■	64	64	64	64	64	64	64	64	■	■	■	66	66	66	66	66	■	91	■	91	91	91	■	91	■	■	59	59	59	59	59	59	59	59	59	■
94	■	89	89	■	■	99	■	■	100	100	100	■	78	78	78	■	88	88	■	101	■	70	70	■	70	70	■	96	96	■	71	71	71	71	71	71	71	71	■	85	■	85	85	85	85	103	■	■	72	72	72	72	72	72	72	72	72	72	72	72	72	■	64	64	64	64	64	64	64	64	64	64	■	104	■	■	66	66	■	91	91	91	91	91	91	91	91	■	59	59	59	59	59	59	59	59	59	59	59
94	94	■	■	99	99	99	99	99	■	100	100	■	78	78	■	88	88	■	105	■	■	70	■	■	■	■	■	■	■	■	71	71	71	71	71	71	71	■	85	85	85	85	85	85	85	85	85	85	■	72	72	72	72	72	72	72	72	72	72	72	■	106	■	64	64	64	■	64	64	■	64	■	104	104	104	104	■	■	■	■	■	91	■	91	91	■	91	91	■	■	59	59	59	59	59	59	59	59	■
94	94	■	99	99	99	99	99	■	100	100	100	100	■	■	88	88	■	105	105	105	■	■	111	■	■	■	■	112	112	■	■	■	71	71	71	71	71	71	■	85	85	85	85	85	85	■	113	■	114	■	72	72	72	72	72	72	72	72	72	■	106	106	106	■	■	64	64	64	■	115	■	115	■	104	104	104	104	104	104	■	■	■	117	■	■	117	■	91	■	■	59	59	■	59	■	■	59	■	121
94	94	■	■	99	99	99	99	■	100	100	100	100	100	100	■	■	105	105	105	105	■	111	111	111	■	112	112	112	112	112	■	112	■	71	71	71	71	71	■	■	85	85	85	85	85	■	■	114	114	114	■	■	72	72	72	72	72	■	■	106	106	106	■	■	64	64	■	64	■	115	115	115	■	104	■	104	104	104	104	104	■	117	117	■	117	117	117	■	117	■	■	59	■	■	126	126	■	■	121
94	94	94	■	■	99	■	■	100	100	100	100	100	100	■	■	105	105	105	105	■	127	■	111	111	111	■	112	112	112	112	112	112	112	■	71	71	71	■	128	128	■	85	85	85	■	129	129	■	114	114	114	■	72	72	72	■	72	■	106	106	106	■	131	■	■	64	■	■	■	115	115	■	132	■	132	■	104	■	104	■	117	117	117	117	117	117	117	117	117	117	■	■	135	■	126	■	■	136	■
94	94	■	137	137	■	100	100	100	100	100	100	100	■	■	105	105	105	105	105	105	105	105	105	105	105	105	■	112	112	112	112	112	■	■	71	■	71	■	128	128	128	■	85	■	129	129	■	139	■	114	114	■	72	72	72	72	■	106	106	106	■	131	131	131	131	■	140	140	140	■	■	■	132	132	132	132	■	141	■	■	■	117	117	117	117	117	117	117	117	117	■	135	135	135	■	136	136	136	136
94	■	142	■	■	100	100	■	100	100	100	100	■	■	■	■	■	105	105	105	105	105	105	105	105	■	■	112	112	112	112	112	112	■	144	■	144	■	128	128	128	128	128	■	129	129	■	139	139	139	■	■	139	■	72	72	■	■	■	106	■	131	131	131	131	131	131	■	140	140	■	132	132	132	132	132	132	■	141	141	■	■	■	117	117	117	117	117	117	117	■	135	135	135	■	■	■	136	136	136
0	142	142	142	■	■	■	143	100	100	100	100	■	147	■	■	■	105	105	105	105	105	105	105	105	105	■	112	■	112	112	112	■	■	144	144	144	■	128	128	128	■	128	128	■	■	139	139	139	139	139	139	139	139	■	72	■	150	■	■	131	131	131	131	131	131	131	131	■	■	132	132	132	132	132	132	132	■	141	■	151	151	151	■	117	117	117	117	117	■	■	135	135	■	136	■	136	136	136	136
142	142	142	■	153	153	153	■	100	100	100	■	147	147	■	■	105	105	105	105	105	105	105	105	105	105	105	■	148	112	112	112	148	148	■	144	144	144	■	128	■	154	■	■	139	139	139	139	139	139	139	139	139	■	155	■	150	150	■	■	■	131	131	131	131	131	131	■	■	132	132	132	132	132	132	132	132	■	■	151	151	151	151	■	117	117	117	117	117	117	117	■	■	136	136	136	136	136	136	136
142	142	142	142	■	153	153	153	■	100	■	147	147	147	147	147	■	■	105	105	105	105	105	105	105	105	■	156	■	112	112	112	148	■	■	■	144	144	■	■	154	154	■	154	■	■	139	139	139	139	139	139	■	■	150	150	150	150	150	■	■	131	131	131	131	131	131	131	131	■	132	132	132	132	132	132	■	151	151	151	151	151	151	■	■	117	117	117	■	158	■	159	■	■	136	136	136	136	136	136
0	■	■	■	153	153	153	153	153	■	■	■	147	147	147	147	147	■	105	■	160	160	160	■	111	■	156	156	■	112	112	112	■	162	■	163	■	■	154	154	154	154	154	154	154	■	139	■	139	139	139	■	150	150	■	150	150	150	■	166	■	■	131	131	131	131	131	131	■	167	■	■	132	132	132	■	151	151	151	151	151	151	151	151	151	■	117	117	117	■	159	159	■	136	136	136	136	136	136	136
168	168	168	■	153	■	153	153	153	■	147	147	147	147	147	147	147	■	■	160	160	160	160	160	■	170	■	■	170	■	112	■	■	162	■	163	163	■	154	154	154	154	154	154	■	■	■	164	139	139	■	150	150	150	150	150	150	150	150	150	150	■	■	131	131	■	131	■	167	167	■	132	132	132	132	132	■	151	■	151	151	151	151	151	151	151	■	117	■	159	159	159	■	136	136	136	136	136	136	136
0	168	168	168	■	168	■	153	153	■	147	147	147	147	147	147	■	160	160	160	160	160	160	■	170	170	170	170	170	170	■	■	163	■	163	163	163	163	■	■	154	154	154	154	154	■	164	164	139	■	150	■	150	150	150	150	150	150	150	150	150	150	■	131	■	■	■	167	167	167	167	■	132	132	132	132	132	■	173	151	151	151	151	151	151	■	■	117	■	159	159	159	159	■	136	136	136	136	136	136
168	168	168	168	168	168	168	■	153	■	147	147	147	147	147	147	147	■	160	160	■	160	■	170	170	170	170	170	170	■	■	■	163	163	163	163	163	163	■	163	■	154	154	154	■	179	■	164	■	■	150	150	150	150	150	150	150	150	150	■	180	■	181	■	■	167	167	167	167	167	167	167	■	132	132	■	■	173	173	151	151	151	151	151	151	173	■	■	159	159	159	159	159	159	■	136	136	136	136	■
168	168	168	168	168	168	■	■	153	■	■	147	147	147	147	147	147	147	■	160	■	■	182	■	170	170	170	170	170	■	163	163	163	163	163	163	■	163	163	163	163	■	154	■	179	179	■	■	■	183	■	150	150	150	150	150	150	150	■	184	■	181	181	181	181	■	167	167	167	167	167	167	167	■	132	■	185	■	173	151	151	151	151	151	151	■	159	159	159	159	159	159	159	159	■	■	136	136	136	■
168	168	168	■	168	■	187	■	153	■	187	■	147	■	147	■	190	190	■	■	182	182	182	■	170	170	170	■	■	■	■	163	163	163	163	163	163	163	163	163	163	163	■	179	179	■	183	■	183	183	183	■	150	150	150	■	150	■	184	184	184	■	181	181	181	181	■	■	167	167	167	167	167	167	■	185	185	185	■	151	151	151	151	151	■	■	159	159	159	159	159	159	159	■	193	193	■	■	■	194
0	168	■	195	■	187	187	187	■	187	187	187	■	196	■	■	190	■	■	182	182	182	182	182	■	170	■	197	197	197	■	■	163	163	163	163	163	163	163	163	■	■	179	179	■	183	183	183	183	183	183	183	■	150	■	184	■	184	184	184	■	199	■	181	181	181	■	200	■	167	167	■	167	167	■	185	185	185	■	151	151	■	151	■	203	203	■	159	■	159	159	159	■	193	193	193	193	193	■	194
0	■	195	195	195	■	187	187	187	187	187	■	196	196	196	196	■	182	182	182	182	182	182	182	182	■	■	197	197	197	■	163	163	163	163	163	163	163	163	163	163	■	179	■	183	■	183	183	183	183	183	183	183	■	184	184	184	184	184	184	184	184	■	■	181	■	200	200	200	■	■	206	■	■	185	185	185	185	185	■	151	■	■	203	203	203	203	■	203	■	159	■	193	193	193	193	193	■	208	■
0	■	■	195	195	■	187	187	187	187	187	187	■	196	196	196	196	■	■	182	182	182	182	182	■	■	197	197	197	■	163	163	163	163	163	163	163	163	163	163	■	209	■	183	183	183	183	183	183	183	183	183	■	184	184	184	■	184	184	184	210	210	■	200	■	200	200	200	■	206	206	206	206	■	185	185	■	■	■	■	■	203	203	203	203	203	203	203	203	203	■	193	193	193	■	193	■	208	208	208
195	■	195	195	■	214	■	187	187	187	187	■	■	196	196	196	196	■	182	182	182	182	182	182	182	182	■	197	197	197	■	163	■	163	163	163	■	163	163	■	209	209	209	■	183	183	183	183	183	183	183	■	184	184	184	184	184	184	184	184	184	■	200	200	200	200	200	200	200	200	200	200	200	200	■	■	217	217	217	■	■	■	203	203	■	203	203	■	203	■	■	193	193	■	220	■	208	208	208	208
195	195	195	195	195	195	195	■	187	■	■	■	221	■	196	■	196	196	■	182	182	182	182	182	182	■	197	197	197	197	197	■	215	163	163	■	■	163	■	209	209	209	209	209	■	183	183	183	183	183	183	183	■	184	184	184	184	184	184	184	184	184	■	200	200	200	200	200	200	200	200	200	200	200	■	217	217	217	217	217	■	223	■	■	224	■	■	224	■	224	■	■	■	220	220	220	■	208	208	208
195	195	195	195	195	195	■	227	■	■	221	221	221	221	■	228	■	196	■	■	■	182	182	182	■	■	197	■	197	■	■	■	■	163	■	230	230	■	■	■	209	209	209	209	209	■	■	■	183	183	183	183	183	■	184	184	184	184	184	184	184	■	200	200	200	200	200	200	200	200	200	200	200	■	■	217	217	217	217	■	223	223	■	224	224	224	224	224	224	224	■	220	220	220	220	220	■	■	■	208
195	195	195	195	195	195	195	195	■	221	221	221	221	■	228	228	228	■	231	■	231	■	■	■	233	233	■	234	■	234	234	■	230	■	230	230	230	230	■	209	209	209	209	209	■	■	■	183	183	183	183	183	■	184	184	184	184	184	184	184	184	184	■	200	200	200	200	200	200	200	200	■	■	■	217	217	217	217	217	217	217	■	224	■	224	224	224	224	224	224	■	220	220	220	220	220	220	220	■	208
195	195	195	195	195	195	195	195	■	■	221	221	■	228	228	228	■	231	231	231	231	■	■	233	233	■	234	234	234	234	■	230	230	230	230	230	230	■	209	209	209	209	209	209	209	■	183	183	183	■	183	238	238	■	184	■	239	184	184	184	■	■	240	■	200	200	200	■	241	241	206	241	241	■	■	■	217	217	217	217	■	224	224	224	224	224	224	224	224	224	224	■	220	220	220	220	■	■	■	■
195	195	195	195	195	195	195	■	■	■	■	■	228	228	228	228	228	228	228	228	228	228	228	■	233	■	■	234	234	234	234	■	230	230	230	230	230	230	■	209	■	209	209	■	■	■	■	183	183	■	■	238	■	243	■	239	239	184	184	184	239	■	240	■	■	200	■	241	241	241	206	241	■	■	■	244	■	217	217	217	217	■	224	224	224	224	224	224	224	224	224	■	220	220	220	220	220	220	220	■
195	195	195	195	195	195	195	195	195	■	245	■	228	228	228	228	228	228	228	228	228	228	228	228	■	234	234	234	234	234	234	■	■	230	230	230	230	230	230	■	246	■	■	247	247	■	248	■	■	248	■	■	243	243	243	■	239	■	■	184	■	■	■	251	■	■	■	241	241	241	206	■	252	■	217	217	217	217	217	■	253	253	■	224	224	224	224	224	224	224	■	220	220	220	220	220	220	■	■	254
0	195	195	195	195	195	195	195	■	245	245	■	228	228	228	228	228	228	228	228	228	228	228	■	■	■	234	234	234	234	234	234	234	■	■	230	230	230	■	246	246	246	■	247	■	248	248	248	248	248	248	■	243	243	243	243	■	243	243	■	243	243	■	251	251	251	■	241	241	■	■	252	252	■	217	217	217	217	■	257	■	253	■	224	224	224	224	224	224	224	224	■	220	■	220	■	259	■	254	254
0	195	■	195	260	260	260	■	261	■	■	228	228	228	228	228	228	228	228	228	228	228	228	228	■	234	234	234	234	234	234	■	■	■	246	■	230	■	246	246	246	246	■	■	248	248	248	248	248	248	248	248	■	243	243	243	243	243	243	243	243	■	251	251	251	251	251	■	241	■	252	252	■	263	■	217	217	■	■	257	257	■	■	■	224	224	224	224	224	224	■	■	■	254	■	254	■	254	254	254
266	■	260	195	■	267	■	261	261	261	261	■	228	228	228	228	228	228	228	228	228	■	231	■	269	■	234	234	234	234	234	■	■	262	246	246	■	246	246	246	246	246	246	■	■	248	248	248	248	248	248	■	243	243	243	243	243	243	243	243	243	243	■	251	251	251	251	■	■	252	252	■	263	263	263	■	■	257	257	257	257	257	■	■	■	224	224	■	224	■	271	■	254	254	254	254	254	254	254	254
266	■	260	■	272	■	■	261	261	261	261	261	■	■	228	■	273	273	231	231	231	■	■	269	269	269	■	234	234	234	■	274	274	■	246	246	246	246	246	246	246	246	246	■	■	■	248	248	248	■	■	■	243	243	243	243	243	243	243	243	243	243	243	■	251	251	251	251	■	252	■	263	263	263	263	■	257	257	257	257	257	257	■	271	271	■	224	■	■	271	271	271	■	254	254	254	254	254	254	254
266	■	■	272	272	■	■	■	261	261	261	■	■	■	■	276	■	■	231	■	■	269	269	269	269	269	■	■	■	■	277	■	■	246	246	246	246	246	246	246	246	246	246	246	■	■	■	248	248	■	278	278	■	243	243	243	243	243	243	243	243	243	■	251	251	251	251	251	251	■	279	■	263	263	263	263	■	257	257	■	257	257	■	271	271	271	■	271	271	271	271	■	281	■	254	254	254	254	254	254
0	272	272	272	■	282	282	■	261	261	261	261	261	■	■	276	276	276	■	■	269	269	269	■	■	■	277	277	277	277	277	■	■	■	246	246	246	246	246	246	246	246	246	246	■	■	■	248	■	278	278	■	■	■	243	243	243	243	243	243	243	■	■	251	251	251	■	251	■	279	279	279	■	263	263	263	263	■	■	■	257	■	271	271	271	271	271	271	271	■	■	281	281	281	■	254	254	254	254	254
272	272	272	272	272	272	272	■	261	■	261	284	■	■	276	276	276	276	276	276	■	269	■	277	277	277	277	277	277	277	277	■	277	■	■	246	246	246	246	246	246	246	■	■	■	286	■	■	■	278	■	■	■	243	243	243	243	243	243	243	■	287	287	■	251	■	279	■	279	279	279	■	■	263	263	263	263	263	263	263	■	271	271	271	271	271	271	271	■	289	■	281	281	281	281	■	254	254	254	■
0	272	272	272	272	272	■	290	■	290	■	■	292	292	■	276	276	276	276	■	■	■	■	277	277	277	277	277	277	277	277	277	277	■	246	246	246	246	246	246	246	246	246	■	286	286	286	■	286	■	286	■	■	■	243	■	243	■	243	■	■	■	■	297	■	279	279	279	279	279	■	298	298	■	263	263	263	263	263	263	263	■	271	■	271	271	271	■	281	281	281	281	281	■	281	281	■	254	■	301
272	272	272	272	272	■	290	290	290	290	290	■	292	■	302	■	■	■	■	■	■	303	■	277	277	277	277	277	277	277	277	277	■	246	246	246	246	246	246	246	246	246	■	286	■	286	286	286	286	286	286	286	■	■	■	305	■	■	■	■	■	297	297	297	297	■	279	279	279	279	279	279	279	■	■	263	263	263	263	263	263	263	■	299	271	271	271	■	■	■	281	281	281	281	281	281	■	■	301	301
272	272	272	272	■	290	290	290	290	290	290	290	■	302	302	■	302	■	307	■	303	303	303	■	277	277	277	277	277	277	277	277	277	■	246	■	246	246	246	246	246	246	■	286	286	286	286	286	286	286	286	286	286	■	305	305	305	■	■	■	297	297	297	297	297	297	■	279	279	279	279	279	■	309	309	■	■	■	263	263	263	■	310	■	271	■	■	281	281	281	281	281	281	281	281	281	281	281	■	■
0	■	■	■	■	290	290	290	290	290	290	■	■	302	302	302	302	■	307	■	■	303	303	303	■	277	277	■	277	277	277	■	■	312	■	312	■	246	246	246	246	■	286	286	286	286	286	286	286	286	286	286	■	314	■	305	■	315	■	■	■	297	■	297	297	297	297	■	279	279	279	279	■	309	309	■	309	309	■	■	■	310	310	310	■	■	281	281	281	281	281	281	281	281	281	281	281	■	318	318
0	319	319	319	■	■	290	■	290	290	290	■	302	■	302	302	302	■	■	303	303	303	303	■	322	■	■	323	■	277	■	312	312	312	312	312	312	■	246	■	■	■	286	286	286	286	286	286	286	286	286	286	286	286	286	■	315	315	315	■	297	297	297	297	297	297	297	297	■	279	■	■	309	309	309	309	309	309	309	309	■	310	310	310	310	■	■	281	■	281	■	281	281	■	281	■	■	318	318	318
319	319	319	319	319	319	■	319	■	■	■	302	302	302	302	302	■	303	303	303	303	303	303	303	303	303	■	323	323	■	312	312	312	312	312	312	312	■	■	328	■	286	286	286	286	286	286	286	286	286	286	286	■	329	■	315	315	315	315	■	297	297	297	297	297	297	297	■	■	■	309	■	■	309	309	309	309	309	309	309	309	■	310	310	310	310	■	■	331	■	325	281	281	325	■	318	318	318	318	318
319	319	319	319	319	319	319	319	319	319	■	■	302	302	302	302	302	■	303	303	303	303	303	303	303	■	323	323	323	323	■	312	312	312	312	312	312	312	■	328	328	■	286	286	286	286	286	286	286	286	286	286	■	■	315	315	315	315	■	297	297	297	297	297	297	297	297	297	■	330	309	309	309	■	309	309	309	309	309	309	■	310	310	■	310	■	331	331	331	■	■	281	281	325	325	■	318	318	■	318
0	319	319	319	319	319	319	319	319	319	■	334	■	■	302	■	■	335	■	■	303	■	303	■	■	323	323	323	323	■	■	312	312	312	312	312	312	312	312	■	328	328	■	■	286	286	286	286	286	286	286	■	■	■	315	315	315	315	315	■	■	297	297	297	297	297	297	297	297	■	309	309	309	309	309	309	309	309	309	309	■	■	310	310	■	331	331	331	■	337	■	281	■	338	■	■	■	318	■	318
339	■	319	■	319	319	■	319	319	319	■	334	334	334	■	335	335	335	■	■	303	■	■	323	323	323	323	323	■	312	312	312	312	312	312	312	312	312	■	328	328	■	342	■	■	286	286	286	286	286	286	286	■	■	■	■	315	315	■	■	297	297	297	297	297	297	297	297	297	■	309	■	309	309	309	309	309	309	309	309	343	343	■	■	331	331	331	■	■	337	337	■	337	■	■	345	345	■	333	318
339	339	■	346	■	■	346	■	319	■	■	■	334	334	■	335	335	335	335	■	■	323	323	323	323	323	323	■	312	312	312	312	312	312	312	312	312	312	312	■	■	342	342	342	■	■	286	286	286	■	286	■	■	■	■	315	315	315	■	297	297	297	297	297	297	297	297	297	■	■	309	309	309	309	309	309	309	309	309	309	309	■	■	■	■	331	■	337	337	337	337	337	337	337	337	■	345	345	■	318
339	■	346	346	346	346	346	346	■	■	■	349	■	■	349	■	335	■	■	351	351	■	323	323	323	■	■	312	312	312	312	312	312	312	312	312	312	312	312	■	342	342	342	342	342	342	■	286	■	352	■	352	■	352	■	■	315	■	355	■	297	■	356	■	297	297	297	■	358	358	■	309	■	309	309	309	309	309	309	■	■	■	■	360	360	■	■	■	337	337	337	337	337	337	337	337	■	345	345	■
0	346	346	346	346	346	346	346	346	■	■	349	349	349	349	349	■	■	351	351	351	351	■	323	■	■	■	■	■	312	312	312	312	312	312	312	312	312	312	312	■	342	342	342	■	342	■	■	352	352	352	352	■	352	352	■	■	355	355	355	■	355	■	■	■	297	■	358	358	358	358	■	359	309	309	309	309	309	■	363	363	■	360	360	360	360	■	■	337	337	337	337	337	■	337	■	345	345	345	■
346	346	346	346	346	346	346	346	■	349	349	349	349	349	349	349	■	351	351	351	351	■	■	■	■	■	365	365	365	■	312	■	312	312	312	312	312	312	■	■	■	■	342	■	367	■	■	352	352	352	352	352	352	352	352	■	■	355	355	355	355	355	355	■	■	■	358	358	358	358	358	358	■	309	■	309	309	309	■	■	■	360	360	360	360	360	360	360	■	337	337	337	337	■	■	345	345	345	■	369
0	346	346	346	346	346	346	346	346	■	349	349	349	349	349	349	349	■	351	■	■	370	■	■	■	365	365	365	365	■	312	312	312	312	312	312	312	312	312	■	371	■	■	367	367	367	■	■	352	352	352	352	352	352	352	352	352	■	355	355	355	355	■	■	358	358	358	358	■	358	■	■	■	■	368	309	■	■	■	360	360	360	360	360	360	360	360	360	■	■	337	337	■	■	■	■	345	■	369	369
346	346	346	346	346	346	346	346	■	349	349	349	349	349	349	349	349	349	■	■	370	370	370	■	365	365	365	365	365	365	■	312	■	312	312	312	312	■	■	371	371	371	■	367	367	■	352	352	352	352	352	352	352	352	352	352	■	355	355	355	355	■	■	■	■	358	■	■	374	■	374	374	374	■	■	309	■	376	376	■	360	360	360	360	360	360	360	360	360	360	■	337	■	377	■	377	■	369	369	369
0	■	■	■	■	346	346	346	346	■	■	349	349	349	349	349	349	■	■	■	■	370	370	■	■	365	365	■	365	365	365	■	365	■	312	312	■	371	371	371	371	371	371	■	367	367	■	352	352	■	■	352	352	■	352	■	355	355	355	355	■	383	■	383	■	■	■	■	374	374	374	374	374	■	385	■	■	■	■	360	360	360	360	360	360	360	360	360	360	360	■	■	377	377	377	377	■	■	369	369
0	■	386	386	386	■	346	346	■	■	■	349	349	349	349	349	■	■	■	387	■	370	370	370	■	■	■	379	365	365	365	365	365	365	■	■	371	371	371	371	371	371	371	371	■	367	367	■	352	■	381	352	■	388	■	■	355	■	■	■	383	383	383	383	383	■	■	374	374	374	374	374	■	385	385	385	■	360	360	360	360	360	360	360	360	360	360	360	360	360	360	360	■	377	377	377	377	377	■	369
0	386	386	386	386	386	■	346	346	■	389	■	349	■	349	■	391	■	370	370	370	370	370	370	370	■	■	379	365	365	365	365	365	■	371	371	371	371	371	371	371	371	371	371	■	367	367	367	■	■	■	■	388	388	388	■	■	■	383	■	383	383	383	383	■	374	374	374	374	374	374	374	374	■	385	385	385	■	360	360	360	360	360	360	360	360	360	360	360	360	■	■	377	377	377	377	377	■	369	369
386	386	386	386	386	■	393	■	■	389	389	■	■	■	■	391	391	391	■	370	370	370	370	370	370	370	370	■	365	365	365	365	365	379	■	371	371	371	371	371	371	■	371	■	■	367	367	367	■	388	■	388	388	388	388	388	■	392	383	383	■	383	383	383	383	■	374	374	374	374	374	374	374	374	■	385	385	385	■	360	360	360	360	360	360	360	360	360	360	■	■	377	377	377	■	377	■	369	369	369
386	386	386	386	386	■	393	393	■	389	■	397	397	■	391	391	391	391	391	■	370	370	370	370	370	370	370	370	■	365	365	365	365	■	371	371	371	371	371	371	■	398	■	■	398	■	■	■	388	388	388	388	388	388	388	■	383	■	383	383	383	383	383	383	383	383	■	374	374	374	374	374	374	■	■	■	385	■	401	■	360	360	360	360	360	360	360	360	■	■	402	■	377	■	403	■	403	■	369	369
386	386	386	386	386	386	386	386	386	■	397	397	397	397	■	391	391	391	■	370	370	370	370	370	370	370	370	370	370	■	365	365	■	371	371	371	371	371	■	■	398	398	■	399	398	■	398	■	■	388	388	388	388	388	■	383	383	383	383	383	383	383	383	383	383	383	383	■	374	■	374	■	■	■	■	401	■	■	401	401	■	■	360	■	360	■	360	360	■	402	402	■	■	403	403	■	403	403	■	369
386	386	386	386	386	386	386	■	■	397	397	397	397	■	410	■	391	■	370	370	370	370	370	370	370	370	370	370	■	■	■	365	■	■	■	371	371	371	■	398	398	398	398	■	398	398	398	398	■	■	388	388	388	388	388	■	■	383	383	383	383	383	383	383	383	383	■	■	■	411	■	■	■	■	401	401	■	401	401	401	401	■	■	■	■	■	360	■	402	402	402	402	402	■	403	403	403	403	■	369
386	386	386	386	386	386	386	386	386	■	397	397	397	397	397	397	■	■	370	370	370	370	370	370	370	■	370	■	■	413	■	■	414	414	414	■	371	■	398	398	398	398	398	398	398	398	398	398	398	■	■	388	388	388	■	■	■	■	383	383	383	383	383	383	383	383	383	■	411	411	411	■	401	401	401	401	401	401	401	401	401	■	■	■	415	415	■	402	402	402	402	402	■	403	403	403	403	403	403	■
386	386	386	386	386	386	■	■	■	397	397	397	397	397	397	397	■	370	370	370	370	370	370	370	■	■	■	413	413	413	413	■	414	414	414	414	■	416	■	398	398	398	398	398	398	398	398	398	398	398	■	■	388	■	417	417	417	■	383	■	383	383	■	383	419	419	■	411	411	411	411	■	401	401	401	401	401	401	401	401	401	401	■	420	■	■	402	402	402	402	■	■	403	403	403	403	403	403	403	403
386	386	386	386	386	386	386	■	397	397	397	397	397	397	397	397	■	■	370	370	370	370	370	370	370	■	413	413	413	413	413	■	414	414	414	414	■	416	■	398	398	398	398	398	398	398	398	398	398	■	421	421	■	■	417	417	417	417	■	■	383	■	■	383	419	■	411	411	411	411	■	■	401	401	401	401	401	401	401	401	401	■	420	420	■	420	■	402	402	■	403	403	403	403	403	403	403	403	403	403
386	386	386	386	386	386	■	397	397	397	397	397	397	397	397	■	423	423	■	■	370	■	370	370	■	413	413	413	413	413	413	413	■	414	414	■	425	■	425	■	398	398	398	398	398	398	398	398	■	421	421	421	■	417	417	417	417	417	417	417	■	427	427	■	419	■	411	411	411	■	■	■	■	401	401	401	401	401	401	401	401	401	■	420	420	420	420	■	■	403	403	403	403	403	403	403	403	403	403	■
386	■	386	386	386	■	397	397	397	397	397	397	397	397	397	397	■	423	423	423	■	■	370	■	413	413	413	413	413	413	413	■	414	414	■	425	425	425	425	425	■	■	398	■	398	398	398	398	■	421	421	■	430	■	417	417	417	417	417	417	417	■	427	427	■	■	■	411	■	■	431	■	■	■	401	■	401	401	401	401	401	■	420	420	420	■	■	■	■	■	403	403	403	403	403	403	■	403	403	433
0	■	■	■	■	397	397	397	397	397	■	397	397	434	■	■	423	423	423	■	435	■	■	413	413	413	413	413	413	413	413	■	414	■	425	425	425	425	425	■	436	■	■	421	■	■	398	■	421	421	421	421	421	421	■	417	417	417	417	417	■	427	427	427	427	■	431	■	431	431	431	431	■	■	■	432	401	401	401	■	■	420	420	420	420	420	420	■	439	■	■	403	403	403	403	■	440	■	403	433
441	■	442	442	■	397	397	397	397	397	397	■	397	■	423	423	423	423	423	423	423	■	■	413	413	413	413	413	■	413	413	■	■	425	425	425	425	425	425	425	425	■	437	421	421	421	■	421	421	421	421	421	421	■	417	417	417	417	417	417	■	427	427	427	■	431	431	431	431	431	431	431	431	■	■	■	401	■	401	■	420	420	420	420	420	420	■	439	439	■	■	■	■	403	■	440	440	440	■	■
441	■	442	442	442	■	397	397	397	397	397	■	■	423	423	423	423	423	423	423	423	■	413	413	413	413	413	413	413	413	413	■	445	■	425	425	425	425	425	425	425	■	■	421	421	421	421	421	421	421	421	421	421	■	417	417	417	417	417	417	■	■	427	■	431	431	431	431	431	431	431	431	■	446	■	■	■	420	■	420	420	420	420	420	■	■	439	■	439	439	439	■	■	■	440	440	440	440	■	440
0	442	442	442	442	442	■	397	397	397	■	■	423	423	423	423	423	423	423	423	423	■	■	413	■	413	413	413	450	■	■	445	445	445	■	425	425	425	425	425	■	451	451	■	■	421	421	421	421	421	421	421	■	417	417	417	417	417	■	■	452	■	■	452	■	431	431	431	431	431	431	■	446	446	446	■	420	420	420	420	420	420	420	■	■	439	439	439	439	439	439	439	■	440	440	440	440	440	440	440
442	442	442	442	442	442	442	■	397	■	442	442	■	423	■	423	423	423	423	455	455	■	456	■	456	■	■	413	■	445	445	445	445	445	445	■	425	■	425	■	451	451	451	■	421	421	421	421	421	421	421	■	417	417	417	417	417	417	■	452	452	■	452	452	452	■	431	431	431	431	431	431	431	431	431	431	■	■	■	420	420	420	420	■	439	439	439	439	439	439	439	439	439	■	440	440	440	440	440	440
442	442	442	442	442	442	442	442	■	442	442	442	442	■	459	■	■	423	423	455	■	■	456	456	456	456	■	413	■	■	445	445	445	445	445	445	■	451	■	451	451	451	451	451	■	■	421	421	421	421	■	■	417	417	417	417	■	■	452	452	452	452	452	452	452	452	■	431	431	431	431	431	431	■	446	446	■	■	420	420	420	420	■	462	■	439	■	439	439	439	439	439	■	■	440	440	■	440	440	440
442	442	442	442	442	442	442	442	442	442	442	442	■	459	459	459	459	■	■	■	■	456	456	456	456	456	456	■	456	456	■	■	445	445	445	■	451	451	451	451	451	451	451	■	466	■	421	421	421	421	■	467	■	417	417	■	468	■	452	452	452	452	452	452	452	■	■	431	431	431	431	431	■	■	446	■	469	469	■	■	■	■	462	462	462	■	463	439	439	439	■	■	■	■	■	440	440	440	440	440
0	442	442	442	442	442	442	442	442	442	442	■	459	459	459	459	■	470	470	■	456	456	456	456	456	456	456	456	456	456	456	456	■	445	445	■	■	451	451	451	451	451	451	451	451	451	■	421	421	■	467	467	467	■	■	468	468	468	■	452	452	452	452	452	452	452	452	■	■	431	431	431	431	■	■	469	469	■	462	462	462	462	462	462	462	■	463	439	439	■	471	471	■	472	472	■	440	440	440	■
473	■	■	442	442	442	442	442	442	442	442	442	■	459	459	■	470	470	■	474	■	456	■	456	456	456	456	456	456	456	456	■	445	445	■	451	451	451	451	451	451	■	451	476	476	■	477	■	■	■	■	467	■	468	468	468	468	468	■	■	452	452	452	452	452	452	■	■	■	431	431	431	■	469	469	469	469	469	■	462	462	462	462	462	■	463	463	439	439	463	■	■	472	472	472	■	440	440	440	440
473	473	473	■	442	442	■	442	442	442	442	■	■	■	■	479	■	■	474	474	474	■	■	456	456	456	456	■	■	456	■	445	445	445	445	■	■	451	451	■	■	477	■	476	■	477	477	477	■	■	482	■	■	■	468	468	468	■	452	452	452	452	452	452	452	■	■	■	■	■	431	■	469	469	■	469	469	483	483	■	462	462	462	462	462	■	■	439	439	463	463	■	472	472	472	■	440	■	■	■
473	473	473	473	■	442	■	442	442	■	■	479	479	479	■	479	479	■	474	474	474	474	474	■	■	456	456	475	■	■	485	■	445	■	486	■	■	451	■	477	477	477	■	■	477	477	477	477	477	■	482	482	■	■	■	■	468	468	■	452	452	452	■	452	■	■	■	488	■	■	■	489	■	■	483	469	469	483	483	■	462	462	462	462	462	■	■	■	439	463	■	■	472	472	472	472	■	■	490	490
473	473	473	473	473	■	473	■	442	■	479	479	479	479	479	479	479	■	474	474	474	474	■	475	475	456	456	■	485	485	485	485	■	492	■	492	492	■	477	477	477	477	477	■	477	477	477	477	477	■	482	482	482	■	494	■	468	■	495	■	452	■	487	452	487	■	488	488	488	■	■	489	■	496	■	469	469	483	483	483	■	462	462	462	462	■	■	■	439	■	497	497	■	472	472	472	472	472	■	490
473	473	473	473	473	473	473	■	■	479	479	479	479	479	479	479	■	474	474	474	474	474	474	■	■	456	456	■	485	485	485	■	492	492	492	492	■	■	477	477	477	477	477	477	477	477	477	477	■	482	482	482	482	■	494	494	■	495	495	495	■	495	■	452	■	488	488	488	488	■	488	■	496	496	496	■	■	483	483	483	■	■	462	462	■	■	500	■	■	497	497	■	472	472	472	472	472	■	490	490
473	473	473	473	473	473	■	479	479	479	479	479	479	479	479	479	479	■	■	474	474	474	474	474	474	■	■	485	485	■	■	501	■	■	492	■	477	477	477	477	477	477	477	477	477	477	477	■	482	482	482	482	■	494	494	494	■	495	495	495	495	495	495	■	488	488	488	488	488	488	488	488	■	496	496	496	■	483	■	■	■	■	■	■	500	500	500	500	■	■	■	502	■	■	472	472	■	490	490	490
473	473	473	473	473	473	■	■	479	479	479	479	479	479	479	479	■	■	474	474	474	474	474	474	474	474	474	■	■	501	■	501	501	501	■	■	■	477	477	477	477	477	477	477	477	■	■	482	■	482	482	482	482	■	494	494	■	495	495	495	495	495	■	488	488	488	488	488	488	488	488	488	■	■	496	496	496	■	■	■	■	500	500	500	500	500	500	500	■	502	502	502	502	502	■	■	502	■	■	490
473	473	473	473	473	473	■	506	■	479	479	479	479	479	479	■	■	■	■	474	474	474	474	474	474	474	474	■	501	501	501	501	501	501	■	■	■	■	477	477	■	477	477	477	■	482	482	482	482	482	482	482	482	482	■	■	495	495	495	495	495	495	■	488	488	488	488	488	488	488	488	488	488	488	■	496	■	■	■	508	508	■	■	500	500	500	500	■	502	502	502	502	502	502	502	502	502	502	502	■
473	■	473	■	473	■	506	506	506	■	479	479	479	479	479	■	■	474	474	474	474	474	474	474	474	■	511	■	■	501	501	501	501	501	501	501	■	■	■	■	507	477	477	■	482	482	482	482	482	482	482	482	482	482	482	■	495	495	495	495	495	495	495	■	488	488	488	■	488	488	488	488	488	■	■	■	508	■	508	■	508	508	508	■	500	500	500	500	■	502	502	502	502	502	502	502	502	502	502	■
0	509	473	509	■	506	506	506	506	506	■	■	479	479	■	■	■	■	474	■	474	474	515	515	515	515	■	501	501	501	501	501	501	501	501	501	501	■	■	516	■	477	477	507	■	■	482	482	482	482	482	482	482	482	■	■	■	495	■	495	495	495	517	517	■	488	■	512	488	488	488	488	488	512	■	508	508	508	508	508	508	508	508	508	■	500	500	■	502	502	502	502	502	502	502	502	502	502	502	■
518	■	473	■	506	506	506	506	506	506	506	■	479	■	■	■	519	519	■	515	474	474	■	520	520	■	■	501	501	501	501	501	501	501	501	501	501	501	■	516	516	■	477	■	■	482	482	482	482	482	482	482	482	482	482	482	■	■	■	495	495	495	■	521	■	■	■	512	488	488	488	488	488	■	508	508	508	508	508	508	508	508	508	508	■	500	■	502	502	502	502	502	502	502	502	502	502	502	■	■
518	518	■	506	506	506	506	506	506	506	506	506	■	506	■	■	519	519	519	■	■	■	■	520	■	523	523	■	501	501	501	501	501	501	■	■	501	■	516	516	516	■	■	525	525	■	482	482	482	482	482	482	482	482	■	■	526	■	517	495	495	■	527	■	527	■	512	512	488	488	488	488	■	■	■	508	508	508	508	508	508	508	508	508	508	■	502	502	502	502	502	502	502	502	502	502	502	502	502	■
518	518	518	■	506	506	506	506	506	506	506	506	506	506	506	■	■	519	519	519	519	519	519	■	523	523	523	523	■	501	501	501	501	501	501	501	■	516	516	516	516	516	516	■	525	525	■	482	482	482	482	482	482	482	■	526	526	526	■	495	■	527	527	527	527	527	■	512	■	488	488	488	■	■	508	508	508	508	508	508	508	508	508	508	■	■	■	502	502	502	502	502	502	502	502	502	502	502	502	502
